681189
681209
681217
689663
720922
1062347
1062349
1100074
1177684
1179839
1180244
1182396
1192604
1203156
1207347
1211898
1215978
1237834
1246117
1250150
1281939
1292935
1295436
1295437
1298724
1300511
1305330
1305340
1305403
1313347
1327037
1327041
1327151
1327152
1328981
1332088
1336664
1338462
1342708
1357601
1357710
1357712
1366927
1367360
1369854
1373629
1385760
1385763
1406254
1407062
1407253
1407255
1407608
1408023
1409764
1413805
1416576
1417182
1417864
1425256
1425259
1425274
1425292
1425302
1425353
1425362
1428007
1430185
1434472
1434614
1435434
1435654
1438552
1441585
1460020
1460021
1460023
1461846
1469339
1477976
1478037
1501483
1503597
1503599
1522415
1522416
1522417
1527162
1533233
1538500
1541567
1541569
1564963
1573588
1580204
1586649
1588567
1589232
1589233
1589390
1593794
1595819
1599521
1601589
1604421
1604422
1608728
1623396
1637516
1638178
1638179
1640864
1651313
1655554
1656463
1657519
1657579
1662671
1662679
1662756
1662782
1668310
1674872
1674897
1674905
1681520
1684354
1687005
1690375
1693447
1700072
1706958
1707274
1709655
1711364
1711694
1729196
1737384
1738198
1740129
1740640
1751459
1751549
1751578
1751589
1756464
1757813
1757814
1757816
1757975
1760557
1760579
1760612
1761514
1781800
1781804
1782112
1782113
1782190
1782192
1782317
1782322
1782325
1782349
1782365
1782428
1782429
1782434
1782439
1782483
1784811
1784947
1784948
1784949
1785080
1788350
1788503
1788504
1788509
1788515
1788580
1788582
1788586
1788588
1788628
1788631
1788643
1788651
1788656
1788706
1788788
1795451
1799327
1805821
1806154
1806155
1807372
1807373
1807467
1811286
1812884
1812904
1814551
1815793
1815813
1816034
1816074
1816112
1820614
1820656
1826401
1826935
1844951
1857761
1857927
1857931
1867899
1869993
1871557
1871585
1871601
1871609
1871739
1871781
1883261
1886705
1890347
1890351
1905333
1915863
1916603
1916617
1917931
1929253
1932159
1969975
1975235
1976457
1976519
1976991
1977141
1977161
1978125
1990407
2002959
2005593
2007887
2007893
2007895
2015567
2022447
2029249
2029367
2037739
2038033
2038165
2049497
2049579
2049581
2049603
2049643
2049657
2049709
2049715
2049723
2049747
2051185
2052161
2063265
2078653
2087245
2097843
2099749
2109181
2114455
2145822
2147020
2147337
2149744
2151617
2157362
2159924
2159955
2164066
2164090
2164412
2164713
2166003
2176564
2178050
2179420
2179604
2180004
2184507
2191087
2191880
2191929
2191964
2192009
2192024
2192098
2192158
2192291
2192303
2192421
2192549
2192554
2192584
2192791
2193613
2193627
2193632
2193978
2193997
2194650
2195219
2196466
2201493
2208950
2210997
2211350
2214151
2220753
2237194
2250293
2252970
2253055
2253133
2253187
2253312
2253319
2253448
2253463
2253614
2259223
2259290
2259300
2259380
2260195
2264628
2264636
2264722
2264730
2268283
2270354
2270360
2270475
2270504
2270531
2270539
2270573
2270599
2270622
2270623
2272217
2272218
2272322
2272354
2272384
2272400
2272467
2272516
2272634
2274344
2279031
2284485
2291976
2292013
2310865
2316951
2317224
2317248
2318279
2318972
2319001
2321674
2321921
2321938
2321983
2321992
2324616
2329876
2336229
2337397
2347294
2347316
2347326
2347542
2347997
2348023
2348094
2348440
2348448
2355658
2355663
2356967
2357928
2357933
2358252
2358468
2358485
2358567
2358601
2358644
2358724
2359344
2359356
2359445
2359637
2359710
2362058
2368489
2369046
2369966
2370041
2370127
2370183
2370350
2370451
2370560
2370620
2370981
2371871
2372139
2373375
2375894
2375911
2375939
2376311
2376416
2379139
2379176
2379180
2379204
2390221
2390543
2391741
2391757
2392299
2395273
2396109
2396111
2396945
2401531
2408881
2411175
2414936
2415117
2415119
2415138
2415141
2415434
2415653
2415713
2417055
2421463
2422533
2425879
2426458
2427976
2428376
2428381
2428950
2428998
2429096
2429126
2429180
2429203
2431596
2433933
2434482
2434613
2434911
2439239
2439578
2440669
2440763
2441852
2443813
2443817
2444089
2456966
2461392
2461440
2472150
2476093
2476316
2476318
2476453
2476471
2478852
2482392
2483136
2483202
2483711
2484611
2484708
2485284
2485838
2485859
2486197
2487882
2490794
2493860
2493908
2495403
2496118
2499192
2500753
2510456
2510755
2510761
2511016
2511343
2517654
2520126
2520154
2521070
2522868
2522896
2523302
2523311
2524067
2524072
2528008
2529765
2530642
2542798
2545893
2555080
2558529
2558533
2558839
2558844
2558926
2560029
2569902
2579368
2580029
2580032
2580038
2589155
2589962
2599147
2600648
2601479
2605922
2606142
2606501
2606842
2606845
2607428
2607431
2607445
2607825
2611570
2613116
2620827
2629417
2629987
2629992
2632129
2634403
2635948
2636654
2704274
2707861
3870591
3913018
3921100
3955184
4070872
4116262
4128801
4135267
4139783
4150945
4151414
4152163
4169888
4184136
4184299
4223818
4223855
4241775
4241791
4265468
4333599
4344086
4388998
4397417
4397449
4413565
4413627
4417962
4420686
4424696
4437979
4437986
4973527
4985934
5198964
7098026
7586030
7620735
7631836
7792489
7802867
7803232
7808959
7865024
7928218
7982979
8064103
8158133
8410403
8786388
8787844
8797063
8797082
8797111
8797153
8799023
8802277
8807132
8821393
8880404
8903750
8924436
8936953
8943218
8949035
8949055
8953177
8953363
8956290
8963025
8963142
8968347
8969169
8977792
8983885
8986410
8991798
9001804
9002508
9019841
9019860
9026310
9027710
9033212
9034618
9036439
9042977
9050620
9058144
9064467
9064858
9068342
9073769
9073818
9074011
9077664
9077826
9078072
9078398
9078443
9079543
9081912
9082100
9082459
9083572
9090747
9100031
9100358
9104338
9106253
9106604
9108888
9112135
9112515
9114489
9116468
9117642
9119674
9119719
9119751
9134174
9134567
9134942
9141232
9141359
9141489
9145438
9145641
9146941
9148382
9148588
9149257
9151589
9153116
9157551
9157713
9160799
9160825
9160872
9160889
9164583
9165577
9175662
9181830
9183380
9189184
9197401
9198310
9203087
9211334
9219651
9222642
9225279
9226188
9227096
9227536
9228623
9228705
9229110
9229123
9231171
9231730
9232973
9233984
9235849
9235911
9235984
9236756
9236791
9241576
9241649
9241669
9242797
9244896
9251835
9251941
9256766
9264350
9264383
9264504
9264871
9264905
9265876
9268005
9268602
9268813
9271519
9271540
9271568
9271596
9271630
9274133
9280742
9281181
9281913
9282348
9282972
9287194
9288508
9292262
9292878
9292893
9293092
9293403
9294840
9295082
9295405
9297906
9298008
9303232
9304752
9305493
9306147
9306175
9306581
9312756
9314400
9315249
9316694
9316958
9318775
9318824
9319558
9322279
9322808
9329291
9329408
9329431
9329450
9329473
9329486
9333852
9337579
9341291
9341550
9343201
9343294
9345928
9347846
9347918
9348937
9349024
9349039
9349817
9351008
9351844
9351948
9353828
9355253
9358227
9360071
9360085
9361905
9362326
9362364
9362604
9362731
9364069
9364778
9364875
9365415
9365704
9366159
9371912
9372897
9374699
9377027
9378335
9378356
9378382
9384015
9384845
9384859
9387083
9387966
9390318
9391424
9392679
9393500
9394404
9399208
9399487
9399755
9400045
9400732
9401156
9403060
9405843
9405975
9406236
9407718
9409258
9411035
9411591
9413964
9416414
9416818
9417178
9417240
9417251
9417509
9418832
9422561
9423863
9424871
9431967
9433055
9433415
9433416
9435777
9437010
9437149
9439452
9440514
9440525
9440575
9440592
9442451
9443711
9443727
9444132
9445610
9446918
9450020
9454914
9454962
9464743
9467383
9470196
9470707
9470736
9474417
9479129
9479873
9479879
9487682
9491375
9493189
9493519
9493656
9494245
9498958
9500066
9500091
9500301
9500701
9501174
9501669
9503663
9508466
9508521
9508855
9510248
9510333
9513933
9515455
9516558
9517180
9522334
9524161
9526034
9529630
9529641
9532726
9537613
9537819
9537873
9543706
9547017
9550094
9550143
9550547
9554531
9557261
9560137
9560686
9560994
9561090
9561172
9564057
9564069
9566856
9573637
9573664
9587272
9596165
9597707
9604294
9604358
9604405
9604769
9606499
9607855
9608310
9609338
9609796
9619268
9622907
9622933
9626945
9627044
9628127
9630614
9632887
9638400
9641328
9641712
9645110
9647297
9648933
9650167
9650723
9650979
9654239
9654247
9655580
9656752
9657643
9660843
9661566
9662004
9662452
9662781
9663018
9670447
9670476
9671386
9671651
9672011
9672584
9673902
9675899
9680313
9680423
9681769
9685052
9687496
9691022
9701763
9704826
9706110
9706162
9707328
9707428
9707458
9707506
9708877
9709629
9709759
9714985
9718248
9720759
9720816
9720851
9722271
9723373
9725355
9725968
9726862
9727180
9727192
9727834
9732595
9735484
9740618
9741214
9744060
9744219
9745139
9747553
9748238
9750459
9751524
9755903
9758639
9759664
9760186
9760357
9762684
9764544
9764575
9769891
9770213
9770517
9770830
9775386
9775488
9778249
9780649
9781455
9787142
9790164
9792442
9792457
9792647
9800432
9801920
9811366
9814810
9815564
9817439
9817460
9821612
9821828
9821986
9823390
9825285
9825543
9827472
9827782
9829435
9831173
9836550
9837875
9839127
9839820
9841306
9841554
9841629
9848037
9849549
9849776
9856649
9857645
9860091
9861814
9865399
9867492
9867509
9867579
9868696
9869334
9869989
9869992
9870111
9871202
9871419
9871502
9873485
9873547
9873658
9876559
9876610
9876622
9877476
9877614
9877726
9877786
9877806
9877820
9877855
9877938
9877982
9879555
9883479
9883640
9883658
9883905
9884894
9884964
9886049
9886100
9886157
9897161
9897409
9897587
9897804
9897844
9898171
9898215
9901829
9904619
9906260
9914568
9926119
9927217
9933149
9933522
9936390
9936420
9940282
9940658
9950334
9954164
9954175
9954415
9957517
9957544
9957566
9962456
9963468
9964191
9965412
9967690
9967715
9970661
9970889
9970904
9970955
9971062
9972226
9976329
9976342
9976878
9977519
9978165
9980005
9980040
9985339
9986326
9987024
9987046
9987084
9992725
9996557
9996611
10000729
10000751
10000764
10000811
10003113
10004414
10004435
10004508
10008320
10013302
10013392
10016701
10022002
10022652
10022960
10022992
10023309
10023391
10023862
10023881
10024955
10026060
10026133
10026654
10026777
10026816
10029660
10035860
10038654
10038833
10041259
10042633
10043393
10044296
10044388
10044620
10044664
10051242
10054116
10054475
10058470
10059194
10060726
10070499
10070527
10070939
10071874
10073178
10076543
10077559
10078294
10081772
10082067
10082392
10085610
10086048
10086582
10099880
10099931
10103529
10103740
10104972
10106830
10107725
10107741
10107970
10109702
10109903
10110842
10111034
10111208
10111228
10112341
10116696
10125950
10126565
10128358
10131136
10131617
10132786
10135000
10135910
10136343
10138115
10148012
10149885
10150779
10154032
10156662
10156963
10156994
10165246
10165392
10168789
10169245
10169977
10172352
10172825
10174200
10174224
10175433
10175448
10175457
10179963
10181252
10184002
10186064
10188655
10189181
10190486
10195472
10197143
10197187
10197294
10198252
10198266
10199333
10203488
10208253
10213620
10214448
10214494
10215238
10215700
10215740
10216874
10220191
10223830
10226212
10232147
10232772
10233032
10233448
10235679
10237282
10237511
10238591
10246725
10247881
10252813
10255958
10256044
10256462
10256601
10256994
10263503
10263576
10273006
10281507
10281529
10284471
10285070
10285510
10285666
10286447
10286661
10286982
10287191
10288517
10292096
10292153
10292358
10293858
10294439
10294994
10297797
10298562
10299823
10304873
10305142
10307751
10307769
10311015
10311027
10311487
10311550
10311984
10314391
10315378
10320615
10320649
10321207
10324452
10328356
10328757
10330086
10330215
10330683
10332872
10339186
10339352
10340845
10343491
10343505
10343697
10344280
10344780
10344793
10346308
10347332
10347443
10347622
10348069
10348234
10351002
10351512
10351560
10351827
10352290
10353595
10354868
10357400
10357422
10360632
10360822
10360855
10360896
10360902
10360903
10370106
10374980
10380326
10380348
10381239
10382232
10383012
10387528
10388051
10388130
10388380
10389778
10396368
10398374
10400324
10401259
10403869
10406600
10410637
10410660
10410752
10410753
10410785
10410845
10411930
10418206
10420647
10429311
10437423
10439044
10440570
10440609
10441139
10441788
10441801
10442302
10444903
10445122
10445255
10445279
10445300
10448160
10450299
10452395
10456328
10456535
10457210
10457807
10457838
10457926
10458938
10464638
10464861
10464953
10466097
10466589
10466846
10467189
10467470
10467931
10472017
10472894
10474197
10474297
10474356
10475597
10475924
10476121
10478255
10478291
10479093
10479099
10480468
10480913
10480969
10481914
10482191
10484136
10486144
10486374
10486575
10488000
10489458
10490082
10490398
10495940
10495976
10499970
10500998
10501424
10502536
10502629
10507558
10507588
10510314
10511747
10513230
10514503
10515633
10516580
10521043
10521083
10522232
10522243
10522256
10523871
10528429
10530091
10531645
10537553
10539788
10542763
10544085
10545084
10553842
10566185
10566931
10567049
10567659
10567767
10571255
10571260
10574542
10574825
10580268
10582147
10582169
10582181
10582259
10584096
10587514
10587811
10590534
10590539
10590874
10590875
10590876
10594259
10594276
10594290
10594311
10595628
10597550
10599530
10600724
10600768
10602189
10602951
10605818
10607375
10607469
10607471
10608723
10609437
10610347
10613666
10614097
10614109
10616153
10618194
10618231
10620919
10620931
10621502
10624775
10625940
10626625
10628789
10629436
10629455
10630845
10630869
10630956
10631704
10631994
10634682
10635262
10638087
10638667
10638692
10638727
10639513
10641974
10644159
10645961
10646004
10646375
10655143
10655650
10656559
10658720
10661392
10662447
10662719
10664327
10679446
10689896
10699500
10700470
10709231
10711445
10712158
10712569
10716112
10716338
10717620
10721691
10723916
10743747
10747201
10747211
10754335
10755272
10756478
10758533
10760626
10760889
10761472
10768427
10773922
10774062
10774406
10774455
10774498
10774515
10775978
10776980
10785248
10791978
10797822
10797979
10799336
10805147
10806565
10818475
10828822
10833480
10837380
10839360
10840523
10842269
10843587
10848353
10859135
10859224
10859282
10865456
10868729
10868742
10869541
10875785
10876041
10880069
10880173
10885622
10887079
10887797
10908887
10908903
10913689
10917484
10917657
10928417
10931118
10931654
10931715
10943992
10973743
10974831
10974912
10991488
10991495
11008874
11022588
11033472
11043257
11043414
11043431
11043767
11046723
11047117
11049795
11051706
11057389
11057820
11059479
11059481
11066451
11070102
11072273
11077680
11085895
11087976
11088951
11092394
11093236
11093361
11093388
11093795
11094802
11095289
11101260
11106008
11106166
11115038
11119446
11131544
11145967
11162069
11169075
11172457
11179623
11181392
11193645
11195368
11214953
11215070
11237015
11237249
11242273
11246572
11276789
11276838
11277010
11278838
11287672
11291367
11292026
11296738
11296793
11303905
11320277
11335285
11335571
11335936
11337221
11343243
11344309
11344632
11344674
11347110
11353493
11370506
11376586
11376820
11382879
11383307
11383482
11404881
11410054
11453034
11457269
11462754
11471628
11474215
11474613
11476712
11486621
11491861
11501406
11506930
11508498
11512566
11512581
11512601
11512767
11512790
11512959
11513315
11515672
11517547
11535387
11535699
11535946
11546540
11548420
11548951
11550224
11557022
11570893
11581112
11584942
11589193
11590648
11591144
11595249
11602406
11602448
11603485
11608806
11609502
11616324
11628297
11632725
11639497
11645354
11648213
11648655
11649718
11653640
11661705
11661774
11662198
11664190
11667555
11670375
11672542
11673472
11676487
11677488
11681303
11681442
11683778
11684016
11684137
11690430
11698043
11700734
11700899
11701894
11709419
11713078
11713860
11714113
11714136
11714193
11714471
11714513
11717168
11718601
11719246
11719570
11719847
11721650
11721678
11722160
11724517
11726131
11728467
11728904
11728912
11729857
11740403
11740861
11740886
11741349
11742491
11742539
11742623
11745913
11745939
11745992
11746222
11751438
11754413
11754790
11754807
11755071
11758102
11769826
11769844
11772001
11772302
11777812
11781339
11783891
11787319
11788149
11788224
11788703
11788717
11793394
11795465
11795474
11796775
11796790
11798986
11799014
11799033
11799373
11801819
11805337
11808328
11808502
11810622
11810951
11813383
11816739
11823489
11825226
11825485
11826351
11827658
11827869
11828443
11829160
11831767
11831768
11833756
11836088
11839221
11840250
11842274
11842373
11843567
11843587
11843636
11843824
11843916
11846570
11846850
11847503
11849116
11850045
11859776
11859856
11861274
11864572
11868729
11868902
11870062
11871734
11874676
11878680
11880067
11880816
11883091
11885054
11886062
11886441
11887030
11887432
11887481
11888127
11896140
11898320
11899145
11899939
11902627
11902692
11911093
11912981
11914951
11915208
11915552
11922240
11923007
11932371
11936657
11939815
11943239
11943247
11947415
11949961
11950240
11950302
11953262
11953673
11953707
11957041
11959938
11960268
11962325
11962501
11963181
11963264
11965698
11976806
11977973
11978016
11978221
11978495
11978772
11979831
11980547
11980720
11980737
11982130
11984643
11985241
11986271
11987524
11987813
11988334
11994868
11994882
11995760
12000612
12001183
12001222
12002018
12003535
12003853
12004738
12004741
12005228
12007294
12007306
12012183
12013884
12015519
12015903
12016460
12016584
12017725
12018367
12023424
12024015
12027812
12032151
12032762
12033558
12033968
12037016
12041597
12042032
12042144
12043692
12045446
12047072
12049666
12052490
12055832
12055981
12056723
12059910
12061632
12061682
12063451
12063517
12064509
12066235
12068383
12068804
12069298
12070219
12071042
12071087
12072118
12073377
12075723
12079250
12085222
12085665
12085818
12085851
12086096
12086152
12086166
12086479
12086745
12088337
12088377
12089146
12090205
12091195
12091728
12091793
12096643
12100351
12101106
12101204
12101888
12103208
12103235
12106978
12108107
12109770
12110568
12116592
12122339
12122360
12122400
12122575
12127039
12129110
12129506
12129866
12130121
12130146
12130307
12130383
12133499
12136534
12136964
12143668
12144745
12145007
12145863
12150254
12151402
12152164
12152733
12152845
12156720
12158035
12166531
12173055
12176880
12177241
12177780
12178407
12178442
12181771
12185414
12187334
12193564
12193957
12193987
12194137
12194527
12195071
12196664
12197012
12197410
12198841
12202456
12203297
12203352
12203369
12203395
12203675
12203820
12204193
12204417
12204445
12204498
12205799
12207792
12208975
12209753
12209845
12209909
12211592
12213543
12215507
12216074
12218003
12218805
12221934
12222411
12223248
12226811
12227437
12228590
12228741
12228941
12228974
12229185
12230953
12236892
12237687
12237812
12240163
12245287
12245300
12245321
12246115
12246658
12251766
12251943
12252375
12252404
12256328
12257835
12260157
12264186
12266256
12267837
12268064
12272018
12272622
12272669
12272945
12273590
12274408
12278062
12278275
12278456
12278970
12281311
12282256
12282651
12284414
12284668
12285395
12285561
12285584
12286189
12291091
12291575
12294489
12299098
12299161
12300767
12300843
12301895
12304619
12304922
12305200
12305250
12308558
12308568
12309107
12311244
12311602
12313040
12316296
12316335
12316370
12316403
12319684
12321091
12321256
12321446
12321636
12322430
12326439
12327335
12328700
12329703
12337921
12339506
12339536
12339627
12346542
12346551
12347607
12349111
12349506
12350237
12352724
12352766
12354590
12354815
12355249
12357220
12358710
12361748
12366409
12366455
12366541
12366821
12366886
12371512
12371681
12373352
12373856
12373882
12376218
12380323
12380918
12381007
12385737
12389651
12394448
12394602
12394874
12394905
12394927
12394939
12394964
12395392
12396037
12396680
12397767
12399847
12399852
12400691
12400945
12400995
12401228
12402279
12402714
12403134
12403257
12404010
12404350
12405290
12406194
12406586
12406713
12415310
12416591
12417167
12417509
12420049
12424787
12427717
12428107
12429033
12431766
12432614
12432848
12432880
12433113
12434448
12436629
12436675
12437052
12439854
12441610
12444785
12445271
12445939
12447429
12452173
12452220
12452914
12453033
12453463
12454276
12454373
12456513
12457666
12459326
12459408
12459700
12461462
12464018
12464149
12469116
12470185
12473773
12480381
12480431
12481540
12482069
12482967
12486286
12489374
12489705
12489868
12490775
12491204
12491217
12492971
12494299
12495332
12495631
12497654
12497912
12502000
12502026
12502818
12504999
12505041
12505050
12513409
12514168
12523355
12533225
12533313
12534649
12534657
12534768
12540909
12540948
12541149
12542454
12545566
12549495
12551042
12551833
12551880
12555076
12560486
12566138
12567149
12567346
12568606
12568622
12569238
12570875
12570932
12570961
12571003
12571148
12572973
12573440
12573623
12573755
12573890
12575807
12578409
12579435
12581337
12581419
12584129
12584386
12587878
12587917
12589313
12590513
12590636
12591082
12592542
12593209
12594711
12597742
12598361
12598441
12598627
12603362
12603639
12605103
12617768
12618715
12621762
12624441
12626275
12628113
12628189
12628601
12629134
12629914
12636073
12668245
12672655
12674985
12675720
12676332
12676427
12679861
12680204
12683432
12684982
12688774
12695186
12696927
12696938
12697166
12700277
12700894
12700946
12705381
12709163
12709235
12710058
12710343
12710392
12710710
12710983
12715150
12715208
12715221
12715304
12715371
12720705
12721753
12724668
12726030
12728683
12730416
12730576
12730725
12735055
12735936
12736615
12736728
12736742
12736775
12737200
12737512
12737541
12737668
12737746
12737766
12744261
12745715
12746178
12746220
12747875
12753637
12756292
12756386
12766288
12766296
12766352
12768705
12771555
12771675
12774921
12781730
12782388
12785755
12791076
12791093
12791203
12795571
12797660
12803060
12805767
12806896
12808274
12811952
12820974
12821145
12825233
12825299
12827567
12828956
12831782
12831802
12832194
12833483
12834141
12838203
12841743
12842104
12845314
12850266
12850699
12852053
12853792
12855131
12855377
12856105
12859048
12860965
12861159
12873077
12883394
12883632
12883703
12884346
12886705
12887493
12889958
12893376
12893422
12896726
12897343
12897772
12897793
12897842
12898066
12898494
12899234
12900304
12901114
12901142
12901841
12906616
12908939
12908979
12909923
12910341
12916153
12916437
12922210
12922752
12923050
12932481
12932492
12932704
12936059
12937209
12938139
12938507
12941422
12942357
12943887
12944000
12946400
12950972
12955562
12956031
12956380
12956870
12957935
12958922
12959063
12959102
12959547
12963334
12964884
12967069
12967860
12972911
12977881
12978096
12979478
12983720
12984776
12990238
12990693
12993554
12995768
12998358
12998536
13007999
13010078
13010376
13010402
13014742
13015575
13017500
13017528
13017632
13020396
13025479
13029130
13031132
13031163
13033523
13034401
13035334
13035376
13035432
13036245
13046846
13050716
13055330
13055934
13056940
13057083
13059754
13061004
13062180
13063850
13065204
13065205
13069873
13069901
13070280
13070435
13070733
13073567
13075808
13076031
13076455
13084439
13087151
13088948
13090951
13091061
13091092
13091946
13096667
13099542
13099927
13105567
13107761
13110883
13110952
13111006
13111030
13112161
13114932
13117028
13127270
13130192
13130928
13131639
13131665
13132426
13136589
13136869
13141541
13142234
13147972
13148115
13149532
13151194
13153165
13156460
13158254
13160049
13161675
13161705
13162521
13163137
13165915
13165966
13167075
13167435
13170747
13171991
13176558
13178086
13178149
13181323
13186610
13187508
13188355
13191792
13194811
13196189
13200351
13200545
13200887
13200992
13203107
13204571
13204886
13205354
13205664
13205684
13208990
13211960
13212180
13214155
13214225
13217690
13219791
13221593
13223804
13224383
13226822
13229552
13229669
13230774
13235629
13238295
13248243
13249971
13255775
13257147
13263401
13265721
13268333
13271183
13277031
13281177
13285996
13287097
13289886
13294994
13295672
13298624
13298890
13300697
13304620
13304708
13304848
13307485
13308280
13308845
13311824
13313310
13321324
13323936
13328563
13334828
13336726
13337400
13337499
13340215
13341710
13344288
13344316
13344456
13346253
13354203
13354262
13355325
13356038
13356301
13358301
13359961
13362567
13385513
13387088
13388106
13389200
13392251
13392403
13400002
13403503
13403771
13404015
13411336
13411940
13419672
13423447
13430316
13433807
13434683
13442212
13443898
13444843
13446936
13451232
13452270
13454890
13459791
13464556
13468287
13468319
13473165
13473584
13489170
13494787
13495060
13495120
13497103
13500167
13504415
13504722
13504772
13504810
13504836
13504870
13504908
13505806
13509501
13510478
13510532
13511675
13513143
13517036
13520729
13520734
13520763
13520772
13521901
13526518
13527598
13527635
13529246
13531558
13536535
13537330
13539724
13540832
13543461
13548122
13550767
13552350
13556080
13557166
13557202
13557663
13559300
13559552
13559570
13562823
13562882
13562892
13566245
13567796
13569854
13569867
13569906
13569930
13572635
13573622
13574063
13578628
13587470
13587520
13587534
13587913
13590430
13590463
13590466
13590484
13592946
13593823
13593844
13594029
13594079
13595009
13595136
13595149
13607028
13609094
13620062
13620901
13620987
13621059
13629182
13629268
13629673
13643038
13647046
13647054
13649036
13649094
13652663
13658424
13676584
13676593
13679228
13680696
13680706
13683353
13683380
13683389
13683395
13683404
13685777
13686869
13688028
13688110
13689326
13689347
13689424
13691315
13691582
13691598
13693432
13694293
13694313
13694323
13695120
13695921
13697490
13697628
13697837
13697855
13697892
13697933
13698867
13699404
13699421
13699434
13699445
13699458
13699489
13702120
13702128
13702193
13702904
13703876
13707380
13707409
13708822
13708835
13713477
13713486
13715083
13716089
13716108
13716122
13718659
13722569
13742711
13744099
13753904
13753913
13756515
13762564
13764898
13779402
13784438
13785171
13785948
13786023
13786041
13789909
13796322
13799152
13800197
13821001
13821183
13821192
13821199
13821389
13821478
13828614
13845856
13852310
13852319
13852376
13852381
13852390
13852396
13852402
13852408
13852481
13852505
13852524
13855421
13866961
13867677
13868082
13868128
13868178
13868217
13868269
13871227
13873274
13878771
13880473
13888924
13898165
13899462
13899483
13901411
13902795
13902806
13903418
13904213
13905225
13908586
13908938
13910636
13910678
13911075
13913394
13928258
13928270
13934329
13946720
13959153
14012005
14016839
14020507
14047695
14047712
14062519
14063708
14076110
14076121
14100776
14125062
14142868
14144786
14145899
14146060
14165350
14176156
14180894
14184049
14184071
14187757
14188170
14188279
14193022
14211058
14228503
14229283
14233706
14235710
14236437
14238849
14239240
14241119
14249573
14251924
14257418
14273743
14276093
14285906
14286820
14290147
14290320
14290337
14291018
14293473
14294843
14294957
14301258
14316552
14320536
14326705
14327166
14328316
14332947
14332975
14334254
14341331
14342171
14350695
14350973
14356483
14358713
14358941
14363234
14364153
14370788
14372558
14374414
14381933
14384696
14387262
14393549
14397514
14401238
14403082
14409785
14416256
14420105
14421788
14428456
14428566
14430106
14434482
14443745
14452078
14456140
14457077
14459979
14461933
14462232
14465033
14468107
14468885
14472659
14477637
14477708
14478325
14479685
14481151
14485399
14487329
14487493
14487973
14492929
14493374
14493988
14494150
14495366
14497120
14499887
14501202
14502127
14502292
14502703
14502920
14510138
14510847
14514461
14518153
14543468
14551499
14552670
14553893
14555600
14555995
14560195
14561169
14562223
14564579
14565610
14566087
14566960
14567302
14569901
14569913
14575517
14578586
14578654
14578691
14578714
14578750
14579326
14581787
14582741
14583347
14585416
14591026
14595966
14598750
14599531
14599553
14602763
14606606
14607701
14608243
14608843
14611861
14615474
14615770
14617616
14619219
14619709
14626860
14631456
14637539
14646698
14667555
14668337
14668503
14669557
14669717
14669756
14675549
14677692
14678923
14683799
14684228
14684400
14691462
14691809
14697577
14697624
14697807
14702286
14702646
14711313
14711342
14716126
14718757
14727404
14737803
14738370
14742447
14742620
14745860
14746052
14747599
14748059
14751468
14751501
14752339
14758817
14761213
14761409
14763271
14763448
14764813
14768976
14772692
14772708
14772947
14773233
14773251
14773403
14774031
14774361
14776100
14777228
14777807
14780206
14781202
14785007
14785978
14786260
14787300
14787953
14792683
14794539
14796347
14797830
14798103
14800700
14800810
14800952
14800970
14800975
14800992
14801106
14803871
14803976
14805423
14805733
14811522
14812058
14821487
14822985
14824668
14824701
14824854
14825090
14825128
14825155
14825167
14825206
14825230
14825316
14830104
14831300
14835916
14841950
14846497
14849005
14850838
14851091
14851285
14851301
14852652
14852716
14852737
14852814
14856372
14865808
14868700
14873378
14873382
14877034
14882017
14882026
14882119
14883461
14885888
14890067
14890436
14892041
14893169
14895619
14896085
14904050
14904795
14906811
14909124
14909156
14913682
14915072
14915175
14916178
14917029
14919103
14920362
14921591
14921650
14924285
14924298
14926128
14926168
14926687
14927521
14934053
14934168
14936102
14936226
14936253
14936724
14943446
14945216
14945276
14945283
14945533
14945565
14946728
14947135
14947318
14948503
14956717
14958806
14959128
14959234
14960110
14987207
14987822
14989281
14989288
14992179
14996958
14999320
14999411
15002812
15003312
15005423
15005429
15005641
15006563
15006573
15006594
15006945
15007405
15007552
15009630
15010452
15010547
15014189
15014205
15014245
15014273
15018151
15031090
15031167
15033135
15035469
15037976
15047429
15049509
15052538
15053016
15055818
15060752
15060899
15063159
15064335
15067332
15067375
15067493
15069242
15076033
15078083
15079746
15079761
15082346
15083911
15086934
15087588
15092036
15094522
15097268
15102675
15103275
15107071
15110033
15111405
15117049
15118951
15126295
15126796
15127915
15128133
15128172
15128518
15129514
15130315
15138586
15140400
15142416
15147188
15147383
15147904
15148868
15148931
15152695
15156750
15163193
15165001
15166843
15166936
15167469
15167526
15167577
15167635
15170816
15171876
15172312
15172765
15175869
15176315
15180166
15180187
15180477
15182902
15189553
15190104
15196372
15196448
15196615
15196981
15201887
15202526
15202534
15210463
15211783
15211809
15214256
15217157
15225270
15231382
15231623
15233624
15233631
15237951
15240011
15240766
15240771
15245730
15245733
15252462
15252819
15262509
15263234
15263513
15265174
15265199
15266920
15272507
15274045
15278834
15279804
15279819
15282302
15282698
15284467
15288537
15288648
15290284
15291922
15294486
15294976
15297541
15305408
15305656
15308227
15308261
15308274
15308606
15309349
15312093
15318259
15323808
15324553
15325423
15325604
15329343
15329524
15329616
15330099
15330729
15335101
15335997
15338417
15338515
15340238
15341140
15353523
15354472
15356351
15357422
15358120
15358308
15366318
15366332
15369293
15376384
15377053
15381088
15381911
15384934
15389773
15394173
15397728
15397769
15399643
15400754
15401211
15401266
15401441
15403535
15404281
15404678
15409081
15409182
15409870
15410098
15410233
15410234
15410635
15412910
15413447
15413481
15416511
15419017
15419079
15421868
15421999
15424751
15424837
15426004
15426010
15426015
15426026
15426429
15426474
15427216
15427334
15427384
15428433
15428495
15438327
15441769
15441783
15443387
15445204
15446781
15450184
15451728
15455783
15455909
15457259
15460170
15461525
15465552
15466018
15466064
15467081
15467320
15468464
15471528
15475220
15476583
15477315
15480919
15481594
15482106
15482847
15483792
15486374
15489596
15490458
15495414
15495948
15505296
15505418
15507722
15508149
15508330
15510869
15513376
15513439
15513738
15514364
15515691
15518746
15520678
15521943
15523122
15525161
15525713
15526262
15529695
15529721
15531600
15535248
15536114
15542946
15544843
15546853
15555815
15557256
15559636
15568391
15569800
15571910
15574482
15577467
15578105
15578545
15581545
15581613
15581729
15581756
15582509
15582697
15586867
15587053
15587101
15590030
15592376
15594124
15594906
15599292
15599626
15602823
15605272
15606298
15609385
15612670
15614476
15614977
15618940
15626334
15629291
15629457
15632970
15633847
15634284
15635978
15636039
15636060
15636464
15637899
15639858
15641944
15642007
15642442
15644303
15645186
15646058
15646607
15649601
15649957
15651091
15651558
15652033
15652385
15652548
15655528
15655747
15655846
15656194
15657137
15660011
15662336
15662473
15662885
15666101
15667658
15667759
15668774
15668992
15672268
15673626
15674099
15674103
15674250
15674287
15675019
15677809
15680738
15682869
15684259
15688874
15690665
15691510
15699531
15699722
15702498
15702939
15703397
15703422
15706319
15707205
15707545
15708885
15710506
15711436
15717963
15719510
15719666
15719675
15720759
15723819
15726070
15728632
15729062
15731069
15731079
15731619
15732795
15732823
15735298
15738354
15738624
15742402
15748525
15749064
15749937
15755757
15760075
15760134
15765662
15766361
15766405
15769113
15769153
15770152
15770708
15773475
15773537
15774030
15776482
15779896
15781557
15781567
15782474
15784388
15793555
15798840
15799265
15801246
15801509
15805074
15808781
15822367
15822751
15823275
15823557
15823786
15825384
15831359
15842840
15843753
15845590
15845622
15851968
15855823
15859553
15859887
15859913
15860246
15860332
15861149
15862326
15862396
15862872
15863285
15863314
15863487
15863738
15863771
15863913
15865473
15867152
15868550
15874054
15874326
15875132
15875318
15880252
15882947
15888569
15890725
15894298
15895267
15895350
15896577
15899131
15904214
15904259
15912572
15915929
15916002
15916616
15916672
15916878
15920401
15920424
15920553
15922038
15923638
15924670
15925028
15925616
15928796
15931295
15938191
15939925
15942292
15942332
15942392
15946210
15952703
15957499
15959729
15971391
15974415
15978803
15983584
15983856
15984046
15984080
15984414
15984517
15986741
15986830
15988169
15989432
15993806
15993867
15993934
16001885
16002890
16006576
16006757
16009985
16010483
16014932
16020373
16022975
16025141
16027263
16034393
16034968
16035499
16035613
16036114
16038671
16043460
16045899
16045954
16046031
16051928
16052308
16057803
16057818
16059059
16064231
16072962
16090591
16095420
16095439
16095452
16095491
16095507
16098636
16105741
16105775
16108171
16109372
16115367
16121875
16127944
16127980
16131773
16135304
16135727
16138008
16139020
16139784
16144031
16147746
16156567
16157316
16157442
16158645
16161269
16163659
16166545
16169104
16169678
16169873
16172397
16172506
16172990
16174594
16177487
16180058
16180713
16182588
16188556
16191051
16193205
16208506
16216209
16216266
16220872
16237164
16248466
16248488
16257771
16260069
16264881
16267531
16268320
16271078
16273822
16274415
16274450
16274724
16274763
16274965
16276563
16276607
16276771
16279308
16283510
16284149
16284565
16285461
16286821
16288710
16288716
16290991
16297081
16297395
16298630
16299435
16301209
16302411
16305912
16308243
16311884
16314659
16318010
16322424
16325200
16325245
16327361
16334526
16345189
16357289
16357890
16357969
16362739
16362905
16364588
16370030
16372994
16388664
16413832
16428621
16431160
16431432
16431476
16432778
16438481
16438496
16445164
16450046
16451936
16452790
16455070
16455074
16457761
16457793
16463287
16467104
16470315
16479936
16481743
16482512
16495436
16496558
16501702
16516171
16516630
16517183
16518165
16526194
16526227
16547538
16547592
16552407
16558754
16563920
16564248
16570082
16571876
16572267
16588094
16591468
16618344
16618408
16618534
16621993
16638162
16640744
16648180
16696619
16701123
16704290
16712028
16716528
16735088
16737842
16766262
16767618
16767641
16768466
16768907
16769396
16772353
16774151
16789515
16792019
16793746
16795913
16805615
16812453
16818514
16834045
16834174
16834713
16856545
16884496
16896270
16925697
16931462
16940809
16940860
16940867
16941966
16949155
16949751
16961737
16985286
17012161
17040808
17056559
17086602
17088786
17111576
17126616
17132518
17146810
17153627
17154531
17158288
17158688
17159041
17160689
17167528
17168150
17179446
17194278
17209985
17215935
17222591
17227260
17227340
17238358
17244432
17244666
17245356
17248106
17248233
17249508
17255440
17265217
17273675
17274182
17276869
17286845
17299959
17301076
17301566
17304040
17307826
17307851
17309223
17309571
17309782
17309919
17309956
17315942
17321196
17321294
17322063
17322790
17322817
17326249
17328769
17328776
17331626
17334501
17336159
17337224
17337551
17337948
17339249
17343653
17346415
17352868
17353132
17355598
17358947
17359084
17361542
17361675
17361842
17362762
17362831
17362891
17365511
17365577
17366845
17371715
17372478
17373599
17376652
17376667
17376773
17380555
17381841
17381932
17384166
17388570
17388696
17390076
17396067
17398171
17398305
17405908
17407461
17408467
17408698
17412566
17419803
17420477
17421535
17425233
17425273
17428349
17430359
17432856
17433624
17433642
17434724
17435559
17436397
17438677
17440234
17442985
17443013
17443030
17443182
17444124
17446481
17449033
17449260
17449273
17454989
17457586
17460903
17464213
17464443
17466642
17467512
17468348
17472167
17473549
17476248
17477176
17482671
17482732
17482740
17489322
17495681
17496706
17498427
17498479
17504506
17509289
17509480
17517898
17520603
17520974
17521660
17523274
17523428
17525113
17525214
17525428
17525443
17526497
17527200
17527882
17528804
17531138
17531722
17532692
17534730
17535037
17535089
17535262
17537505
17538873
17539739
17539911
17539937
17539955
17539975
17542727
17546314
17546629
17546672
17547717
17549511
17549548
17551342
17551508
17553603
17558456
17558497
17558602
17559807
17559808
17561036
17564610
17565463
17565478
17565891
17567012
17567784
17568861
17571888
17571904
17571917
17574499
17575952
17576686
17577572
17581380
17581599
17582583
17582824
17582841
17584967
17585456
17587567
17589920
17591338
17591541
17591694
17594775
17596061
17597429
17600517
17600523
17603932
17605192
17610719
17616353
17617033
17617272
17617437
17624407
17624797
17629634
17629880
17630977
17631960
17633188
17633393
17642817
17647839
17648576
17649982
17652721
17654598
17654615
17655101
17658251
17658592
17663185
17663211
17663716
17664014
17664496
17664986
17668180
17669121
17670010
17670020
17671290
17671370
17674248
17674285
17674354
17677470
17678509
17683638
17699990
17700042
17700099
17708794
17714860
17714862
17716682
17716894
17717044
17717118
17717131
17717240
17717828
17718319
17727530
17727534
17729799
17739956
17741131
17742813
17745532
17747739
17753567
17758004
17758073
17759630
17765455
17765506
17767268
17777007
17778392
17778705
17783073
17783162
17787944
17788520
17791046
17796493
17796509
17798548
17800115
17801827
17804081
17804103
17806040
17806329
17808665
17809702
17816134
17819882
17820656
17822240
17823472
17823680
17823743
17823999
17824017
17824562
17825127
17825202
17825426
17827143
17827177
17831226
17833283
17835233
17836409
17837056
17837068
17837714
17841685
17843498
17844827
17846284
17848193
17848218
17848272
17851290
17851567
17852290
17852517
17855719
17856858
17857196
17857456
17860279
17861141
17861471
17867121
17869132
17871564
17871613
17873674
17873857
17873862
17875437
17876274
17880730
17881416
17883291
17888253
17890597
17890852
17891314
17894235
17894784
17902541
17905926
17912105
17912264
17913941
17913979
17914163
17914184
17917750
17921061
17921725
17922307
17922873
17923342
17924433
17924833
17926590
17927577
17928879
17928927
17929244
17929263
17931482
17932001
17932160
17934528
17937853
17938637
17940799
17941869
17942262
17944730
17945236
17945565
17949525
17949836
17951053
17954694
17955055
17955206
17958814
17961455
17962895
17963725
17964009
17964487
17965744
17967015
17969126
17971023
17971053
17971695
17974239
17974393
17974501
17975383
17976683
17976869
17978405
17979963
17980778
17981350
17983088
17983243
17983389
17986175
17986410
17989070
17990015
17997109
17997526
17997958
17998901
17999891
18004474
18005701
18006466
18006801
18007223
18009703
18009913
18010696
18011035
18011092
18013824
18014301
18015026
18015726
18015890
18019555
18019720
18020237
18023744
18025502
18027928
18027933
18027935
18028676
18028740
18030610
18030769
18031562
18032747
18035581
18040415
18040739
18040793
18050292
18052579
18055444
18055700
18056761
18058861
18064219
18066875
18068031
18071757
18072575
18072798
18075962
18077420
18080335
18080403
18083531
18084232
18084244
18093003
18096548
18098651
18100045
18100127
18104728
18109546
18109558
18112431
18118109
18118225
18118571
18119671
18119830
18120251
18120302
18120328
18122558
18124195
18125568
18127120
18127203
18127428
18128962
18129096
18129734
18130312
18132076
18132554
18132670
18134103
18134957
18135047
18135813
18136483
18136518
18136860
18142081
18143967
18144016
18144937
18145136
18146881
18147484
18150782
18154391
18157577
18159647
18161947
18161959
18163626
18163677
18163695
18166167
18166823
18169839
18169965
18170739
18171642
18172858
18176354
18176967
18177023
18177147
18182781
18184294
18187315
18188419
18190210
18193254
18193474
18194517
18197585
18198485
18199334
18206303
18211528
18215482
18215500
18215890
18215915
18216222
18216750
18216795
18217973
18218140
18218758
18220499
18221527
18224922
18225182
18228400
18228432
18228569
18228726
18234736
18237680
18237734
18239830
18242729
18243574
18245946
18249305
18250045
18256122
18257837
18258533
18260234
18264362
18265830
18265846
18278413
18285320
18285909
18286623
18287307
18287415
18289036
18292895
18294697
18294900
18294962
18296030
18300585
18301182
18301248
18301533
18305646
18305688
18305951
18307209
18307241
18311351
18313143
18313481
18318342
18325881
18327429
18329535
18333969
18334375
18339602
18348518
18356519
18356901
18357160
18360845
18361123
18365595
18365613
18365897
18365925
18370063
18370433
18370892
18374826
18378506
18380125
18380422
18381342
18387476
18395234
18396741
18401492
18406258
18406267
18406284
18407563
18408018
18409375
18410940
18414427
18416599
18418225
18418366
18418999
18420517
18421021
18421050
18427061
18428218
18428227
18431494
18433273
18435002
18435118
18437603
18439064
18439942
18443903
18443968
18444029
18444303
18444969
18446300
18451848
18457404
18458137
18458185
18460063
18467128
18469546
18473656
18473691
18474378
18477042
18481301
18486974
18490538
18490609
18494385
18504381
18504592
18507032
18507125
18513790
18515744
18515758
18522553
18524425
18529335
18529833
18530887
18532357
18533222
18533303
18533583
18539202
18540719
18542371
18546878
18546968
18547670
18547742
18547996
18549228
18549639
18550338
18550932
18551004
18551602
18563861
18565101
18567204
18568932
18570805
18571032
18571055
18576650
18576813
18577331
18583442
18583469
18584125
18584186
18587911
18588358
18590659
18591579
18595177
18599691
18599705
18600613
18602112
18602159
18603079
18608038
18610161
18611665
18611697
18613013
18617880
18619305
18619754
18620811
18623794
18624838
18625630
18625890
18627536
18627629
18628456
18629114
18630918
18632627
18635213
18638129
18639858
18647196
18647383
18662352
18663118
18667703
18673903
18674140
18675848
18679726
18682718
18685149
18690455
18694464
18694928
18703942
18706230
18706256
18708837
18709305
18709608
18711086
18711514
18713877
18715771
18715800
18717108
18720582
18721647
18723190
18725233
18729527
18731540
18731707
18732059
18732451
18732682
18734216
18734231
18737808
18737830
18739357
18739995
18743248
18745598
18745671
18746222
18748371
18748723
18748734
18748753
18748867
18749990
18750040
18751081
18751093
18751100
18751579
18753351
18754746
18758024
18758609
18761774
18763773
18763822
18768956
18771984
18773382
18779655
18780186
18780257
18780626
18781152
18782549
18787125
18790335
18795210
18796429
18799852
18800467
18800502
18800590
18810394
18812644
18813302
18816061
18819367
18820609
18823153
18828916
18829357
18830124
18830716
18832944
18832965
18839450
18843226
18846033
18853510
18860935
18866308
18866612
18866941
18867072
18867459
18868261
18870387
18872863
18875182
18875367
18875455
18876703
18878520
18878551
18881889
18884167
18886643
18886667
18886834
18887064
18887952
18890559
18890730
18893971
18894548
18899602
18903643
18903996
18905762
18908769
18908984
18909846
18913210
18913358
18918181
18925073
18927274
18938240
18938245
18938275
18942200
18950536
18950717
18950733
18957751
18958132
18958193
18958673
18960308
18962193
18966425
18972188
18972400
18972946
18974112
18984143
18985683
18986495
18987954
18989374
18989919
18997048
18999894
18999898
19005926
19005940
19014026
19014076
19020204
19020278
19026435
19028565
19029205
19031575
19033078
19035125
19036237
19036444
19037724
19042784
19043288
19043358
19043655
19044257
19045266
19047327
19048681
19048703
19048972
19050607
19057096
19060180
19060374
19063321
19063353
19063364
19065366
19066418
19068444
19069990
19071241
19071719
19071779
19071934
19073886
19079053
19080927
19081681
19083308
19084945
19085102
19085371
19086493
19088488
19091271
19102470
19104591
19104637
19105052
19105087
19106683
19108819
19115089
19118452
19118512
19118519
19122556
19128264
19128280
19128979
19130655
19131354
19138385
19141765
19143517
19144189
19145777
19148339
19148945
19148975
19149288
19152622
19155860
19155944
19159588
19161950
19162596
19165682
19169465
19170216
19171690
19172208
19176738
19183639
19184916
19186232
19186716
19187881
19187903
19198776
19219161
19220610
19221375
19231255
19240332
19240812
19240835
19240908
19242823
19245249
19246453
19249598
19250669
19256483
19258340
19259568
19262073
19263618
19266036
19270234
19272303
19272314
19274187
19275373
19281825
19281858
19281908
19286112
19286502
19293775
19296282
19296312
19296771
19298875
19301653
19303644
19306068
19307846
19312271
19312668
19313857
19326391
19330953
19331769
19341838
19350838
19351999
19360754
19401591
19401623
19406563
19433363
19438291
19440930
19457228
19462917
19465732
19469121
19496237
19498188
19540463
19574382
19574425
19587297
19588307
19591450
19667470
19686176
19727178
19728751
19738437
19738450
19738467
19738476
19738573
19743054
19744725
19744739
19744768
19744801
19744812
19757783
19757801
19775977
19776045
19783766
19783774
19786035
19790854
19799866
19818350
19829891
19836159
19843161
19846641
19849235
19856276
19883337
19886445
19886485
19886503
19902308
19905933
19908724
19910531
19917097
19937199
19937645
19981975
19982993
19987846
19994918
20000034
20004794
20005630
20013231
20016793
20019182
20019955
20023323
20025249
20029886
20033076
20036356
20053825
20057058
20071687
20072318
20080079
20082607
20084127
20086485
20087034
20087534
20088558
20088624
20088976
20089007
20091621
20091796
20101001
20102482
20106136
20114370
20114607
20115675
20117308
20128111
20128216
20128585
20130140
20130190
20131875
20135979
20136044
20136100
20138167
20138489
20142977
20147297
20148430
20156161
20156218
20156303
20156474
20161309
20167468
20177416
20184866
20186931
20188341
20188796
20191964
20194859
20202552
20202615
20207197
20207665
20214685
20215728
20219576
20220332
20222284
20222391
20225191
20225453
20227164
20231947
20236485
20237906
20237984
20239887
20250512
20254465
20254836
20256774
20258090
20261013
20261799
20261954
20264818
20265390
20265878
20266319
20267190
20269704
20272463
20277181
20277799
20280472
20298488
20299107
20300118
20302110
20302911
20307850
20308806
20313997
20321695
20321987
20327185
20327321
20328491
20336834
20346987
20349400
20351008
20352608
20353219
20354097
20354990
20357154
20357220
20362234
20364995
20365349
20366883
20370077
20373759
20373942
20375691
20377445
20383946
20386331
20386794
20386927
20387069
20387556
20390810
20399304
20399467
20400868
20400916
20404111
20404342
20404439
20405093
20407596
20407923
20409745
20412551
20413415
20413641
20413663
20413708
20418598
20419403
20420591
20422056
20422779
20422867
20426370
20426502
20427374
20427392
20427404
20427761
20432711
20445478
20473665
20479462
20480779
20482588
20485086
20489157
20494910
20495383
20495554
20496306
20498101
20499194
20499245
20499913
20503719
20504431
20505339
20505739
20506914
20514184
20515351
20520940
20520971
20531404
20533596
20535861
20536108
20539206
20539838
20540711
20543042
20543350
20543702
20547421
20552141
20552324
20552518
20553215
20562998
20563117
20563212
20563252
20563391
20567373
20568477
20568749
20569074
20569202
20570575
20572262
20572299
20572899
20576221
20576923
20577016
20577478
20577706
20578671
20582152
20582204
20584547
20587265
20587429
20587441
20587485
20589055
20597228
20606171
20606304
20606429
20606617
20610358
20618509
20618583
20618754
20618894
20619000
20621278
20626052
20626229
20626755
20627153
20627190
20627740
20628071
20632285
20632587
20632686
20632909
20633100
20633129
20637730
20639637
20642422
20643057
20645243
20646734
20647774
20648074
20648545
20651170
20651899
20651976
20652114
20652148
20652435
20653091
20674136
20687683
20688759
20688820
20688957
20693000
20694171
20699266
20700962
20704650
20713350
20718911
20719722
20719750
20725139
20725778
20725910
20731574
20731872
20735208
20736899
20737863
20737889
20741647
20742834
20743400
20746448
20748379
20749523
20750210
20750239
20750849
20751694
20751732
20754278
20755174
20758069
20758242
20759400
20761540
20762335
20764323
20765248
20765329
20767127
20772926
20775773
20777814
20778209
20778667
20779034
20783850
20783871
20783932
20785513
20787523
20788029
20789529
20789542
20791353
20791603
20791749
20793795
20794347
20794696
20795464
20795496
20796782
20797246
20798321
20801472
20802139
20805280
20808121
20808568
20810885
20814972
20815030
20819924
20822523
20822587
20822645
20824785
20826148
20826984
20827240
20827488
20828815
20828957
20829031
20829049
20829101
20829344
20829646
20833308
20836618
20836726
20839913
20840933
20841407
20846591
20850107
20850461
20850482
20854670
20857785
20879415
20887042
20887099
20887101
20887930
20889251
20889284
20889820
20892393
20892572
20901136
20901164
20904290
20907164
20907226
20911345
20911377
20912758
20913334
20915645
20915714
20915955
20916282
20920491
20920526
20921604
20929302
20930777
20933580
20934748
20934758
20935555
20937605
20943389
20945362
20945476
20950420
20953689
20954035
20954405
20954427
20954490
20957504
20958614
20958646
20958743
20959525
20960302
20960313
20960452
20961085
20961378
20962146
20962150
20962355
20962419
20964597
20967709
20968522
20968647
20968717
20971095
20971418
20971481
20971753
20973351
20973532
20975231
20975520
20976368
20976469
20976496
20976542
20976591
20976618
20976630
20977325
20981963
20982037
20982040
20986720
20988562
20989539
20990529
20990562
20991993
20995806
20996770
20997924
20997976
20998131
21003501
21005991
21006000
21006074
21006125
21011149
21012867
21014956
21017269
21020989
21023330
21023967
21024303
21024318
21026967
21027199
21038618
21043142
21043775
21043796
21047983
21048875
21049296
21049348
21049790
21050744
21050772
21050917
21051978
21056019
21061765
21063045
21065445
21067078
21070809
21070966
21071210
21073100
21073861
21076358
21077451
21078043
21078487
21078537
21079617
21079707
21082570
21083233
21085336
21087988
21088494
21088555
21089887
21093370
21094334
21094543
21094558
21095863
21095942
21098265
21098838
21099715
21100171
21100302
21104582
21104775
21105556
21110693
21110735
21113805
21115344
21116718
21118957
21129329
21129480
21133455
21135231
21137225
21150234
21153347
21157773
21166411
21169235
21170065
21170777
21170788
21170835
21170848
21180945
21184764
21185256
21188741
21190579
21190648
21190764
21190801
21190842
21190847
21190858
21191883
21193947
21198738
21199958
21200864
21201333
21201471
21201486
21201663
21204484
21207485
21207642
21209870
21209893
21210835
21211776
21212472
21212531
21217351
21217732
21217832
21220809
21221428
21222357
21224746
21224879
21225425
21225787
21231300
21231308
21231956
21234966
21237870
21237922
21238169
21238247
21245309
21245986
21248911
21250699
21250746
21259637
21259735
21260430
21262779
21264394
21265451
21266456
21267246
21268541
21269446
21272898
21273014
21276349
21276889
21278031
21278127
21279969
21283029
21283042
21285350
21290180
21290817
21293482
21294273
21294356
21297938
21297971
21298000
21298060
21298354
21299797
21300757
21300800
21302623
21303409
21305098
21308235
21314011
21315286
21315554
21315879
21318231
21320288
21325932
21326190
21330035
21330123
21334782
21339828
21340093
21342031
21346702
21350051
21350113
21350226
21350382
21350626
21351206
21354513
21355719
21357870
21359307
21364367
21369351
21369559
21369670
21369825
21370187
21370568
21371096
21377752
21381413
21381440
21381484
21382457
21382760
21383401
21384024
21385865
21386962
21394702
21394885
21397125
21397205
21397228
21398243
21400609
21400631
21403340
21405830
21408704
21410893
21413075
21413231
21413484
21414316
21415154
21418332
21422791
21422936
21424793
21424807
21424843
21425463
21426769
21429216
21429367
21430077
21433952
21433979
21434127
21436931
21437634
21437786
21443039
21445427
21445714
21447828
21448459
21452130
21455731
21461930
21464799
21465664
21465695
21466331
21467990
21474330
21476959
21479057
21482888
21483372
21483855
21486397
21487635
21488115
21490230
21492513
21493031
21497554
21497889
21505474
21506462
21507914
21507920
21508443
21508486
21509927
21510166
21512789
21516125
21517473
21521336
21521440
21521486
21521514
21521677
21522682
21523845
21523875
21524777
21525801
21528164
21528255
21528543
21539900
21540685
21541106
21541294
21542224
21545431
21548371
21551035
21554090
21556868
21556935
21558903
21558905
21561242
21561606
21562993
21569100
21578014
21580012
21580606
21581252
21586790
21587012
21587332
21591052
21592487
21592525
21596889
21597056
21597358
21597460
21605253
21607996
21614649
21615136
21615233
21615253
21615425
21616114
21616136
21618748
21622320
21625664
21627852
21634382
21635155
21635573
21636243
21636327
21640781
21641075
21643009
21646972
21647008
21647413
21647451
21652865
21655333
21655751
21657723
21660032
21660085
21660711
21661120
21665221
21666017
21670322
21673848
21682205
21686246
21687362
21687431
21697566
21697635
21700072
21709582
21711335
21716540
21716680
21717077
21717680
21720076
21722889
21723181
21723347
21725529
21725573
21725652
21728997
21730314
21734208
21734222
21736955
21742099
21742457
21742520
21753931
21761645
21766175
21766959
21777603
21784402
21784705
21785624
21789037
21789116
21792579
21796680
21796928
21801415
21801930
21807703
21810099
21810240
21811132
21819832
21825411
21827994
21828480
21834147
21837803
21840938
21843400
21849201
21851793
21857358
21857494
21859221
21862138
21862346
21863901
21867896
21867898
21869992
21870261
21871051
21876968
21882774
21883872
21891419
21892805
21906088
21906126
21906194
21906377
21906405
21906615
21907997
21908751
21911986
21914556
21914575
21916433
21918497
21919063
21921693
21923032
21923205
21923510
21923587
21923980
21924384
21924415
21927466
21928018
21928651
21929057
21929393
21930887
21933274
21935151
21935255
21935537
21937231
21938281
21939183
21941943
21948875
21949056
21949099
21950239
21952949
21953231
21958057
21958675
21958693
21958734
21969642
21972909
21974768
21975485
21978190
21985149
21985174
21986782
21988358
21990916
22000417
22000564
22000799
22001639
22003076
22005587
22007309
22010337
22011125
22027223
22027244
22027256
22032212
22033585
22034276
22036910
22038756
22041291
22048734
22056299
22057670
22064657
22065059
22065370
22065713
22072271
22076743
22077446
22078336
22080722
22080856
22084161
22084223
22085200
22085227
22085255
22085277
22085534
22085713
22093854
22093873
22094019
22094411
22094466
22097655
22100968
22101133
22102125
22104586
22105331
22105343
22105366
22105765
22109371
22109883
22115578
22117066
22117761
22117788
22119909
22120110
22121682
22124339
22124395
22140364
22140533
22142667
22146035
22146065
22146205
22146288
22148337
22148374
22148638
22152402
22152559
22153969
22155277
22156483
22156924
22158605
22158708
22159214
22160955
22161251
22161644
22161997
22163363
22170510
22171744
22171864
22176597
22176608
22176774
22178331
22184917
22185713
22186082
22191826
22192472
22193517
22193901
22194671
22196779
22198166
22200149
22205551
22206650
22206688
22206954
22208703
22209851
22213514
22214758
22216376
22217210
22217744
22217800
22219593
22220867
22220929
22221582
22221604
22221629
22241083
22241295
22243557
22246107
22246572
22246816
22247716
22247868
22259995
22263214
22263215
22263255
22271836
22273545
22273625
22275063
22277597
22278155
22278827
22279616
22289878
22290513
22290530
22301312
22301317
22304115
22304480
22310232
22310372
22310394
22315173
22326051
22330134
22331578
22336061
22358196
22360497
22361783
22361822
22363663
22377716
22380155
22381259
22387641
22396209
22399845
22401168
22414046
22415460
22416267
22424934
22429070
22441205
22446375
22453744
22466843
22479000
22482032
22482158
22485500
22485501
22485714
22485729
22485783
22485898
22485959
22492533
22499325
22506388
22509531
22556984
22569050
22571568
22573876
22573944
22574035
22574070
22585229
22595989
22637215
22640471
22640502
22655566
22657424
22659372
22664824
22671360
22678204
22685332
22697618
22699465
22706307
22715144
22722160
22728097
22736821
22738265
22740636
22745585
22757729
22779846
22800529
22817634
22820584
22820651
22827704
22829131
22855629
22859376
22861086
22869881
22872622
22874468
22876859
22877652
22877913
22878082
22878134
22886577
22886779
22888518
22898114
22898415
22918084
22919009
22922364
22925761
22953510
22953537
22961137
22961155
22961280
22965481
22965491
22965543
22967479
22968175
22968229
22968788
22968904
22973175
22976743
22977211
22984166
22987458
22988547
22999123
23004227
23006512
23006593
23008868
23008904
23013578
23017713
23025279
23025298
23025301
23025388
23035198
23037772
23039251
23041366
23054986
23055563
23057632
23057644
23061183
23073752
23075807
23078681
23080010
23083854
23085909
23086263
23091368
23092463
23092626
23093275
23093806
23094631
23095638
23095679
23098221
23098726
23102199
23103805
23104187
23106746
23106866
23107843
23108646
23111956
23112092
23115326
23116391
23116543
23117085
23120565
23126317
23130241
23131166
23132869
23132888
23132952
23141563
23150600
23150682
23164686
23168996
23172673
23174084
23174138
23174175
23175155
23178102
23186948
23188143
23194742
23199266
23199467
23199524
23199715
23202604
23208024
23210459
23221772
23223522
23241128
23251346
23251431
23254168
23258506
23259676
23261093
23261268
23261325
23265690
23265829
23268364
23272045
23277975
23280620
23280698
23283742
23286878
23289540
23291565
23295256
23295288
23298333
23301049
23301243
23302365
23304277
23305335
23306130
23306668
23306944
23308955
23309655
23311547
23312592
23322334
23322400
23322443
23322629
23322679
23322752
23324182
23325094
23327054
23327781
23327806
23330708
23332840
23334732
23337432
23339843
23350710
23351082
23351464
23351810
23352920
23353139
23353601
23353765
23354339
23354500
23361291
23380308
23380673
23381733
23381799
23382324
23386515
23386572
23387896
23391944
23395493
23395848
23396266
23397310
23400375
23400561
23410055
23410891
23413693
23417118
23418886
23419054
23420045
23422749
23428751
23428832
23429724
23430993
23432088
23432154
23432219
23432255
23432264
23440520
23440793
23441502
23447540
23463978
23466370
23472311
23479033
23484431
23485797
23485946
23487397
23487480
23487898
23490034
23505258
23512811
23514526
23515866
23517792
23519330
23521087
23527429
23527986
23528916
23532625
23535312
23535866
23536540
23537762
23540363
23547262
23548268
23552068
23556515
23563664
23574232
23574352
23574809
23575061
23575953
23581978
23584007
23586053
23588420
23588456
23589111
23589279
23589314
23589348
23590018
23590106
23590199
23590245
23592132
23594985
23595562
23603630
23604869
23606630
23609213
23611228
23611391
23613719
23614829
23618710
23620820
23621164
23623837
23623895
23624332
23624386
23625191
23625546
23628284
23632388
23634931
23642881
23655571
23659777
23661253
23661377
23663492
23663694
23669363
23670385
23672599
23678109
23678203
23680532
23680649
23680901
23681467
23683800
23683886
23685387
23693622
23694129
23694353
23694500
23699981
23706404
23706842
23709824
23710809
23714363
23715730
23715816
23717369
23717664
23720763
23729825
23729928
23730169
23730713
23730769
23731195
23732418
23732874
23733068
23733146
23735048
23736335
23737320
23737893
23738784
23738809
23741437
23742402
23743304
23746880
23753179
23761133
23762648
23762825
23763682
23763840
23765373
23765447
23770817
23772503
23776374
23776516
23778588
23778826
23789848
23800120
23803709
23804590
23806381
23806594
23806742
23807014
23807333
23816533
23820864
23820909
23825436
23826329
23837139
23860657
23861269
23861320
23862862
23866518
23866964
23876757
23877530
23877565
23877588
23881353
23881966
23882099
23882140
23882305
23883009
23884443
23893232
23896504
23899250
23904879
23913142
23914248
23915812
23915864
23915960
23916031
23916313
23916648
23916803
23920351
23921305
23921756
23922058
23929917
23929986
23930056
23930105
23934303
23936563
23940653
23941537
23942376
23943445
23943485
23943898
23949274
23949637
23962161
23962177
23967895
23969186
23969866
23976519
23978260
23978359
23986408
23994491
23997149
23998558
23998606
23999083
23999138
24002677
24011239
24026621
24028584
24032690
24036631
24039816
24040657
24042432
24042661
24042719
24044538
24045268
24046999
24047424
24049954
24054825
24060326
24060356
24061946
24063609
24063641
24064338
24064953
24065420
24070136
24074244
24078739
24080436
24080557
24085849
24087565
24090757
24096656
24098506
24099601
24099807
24099863
24101816
24105794
24107151
24107192
24107814
24112292
24115953
24119502
24121730
24124893
24128792
24128848
24128892
24131056
24141846
24141879
24141943
24144292
24144422
24145033
24145071
24146561
24147186
24147437
24150566
24150627
24153251
24154269
24154295
24154315
24158989
24159264
24162516
24162595
24165717
24175372
24180934
24195522
24195879
24196009
24201721
24201894
24205417
24213021
24217565
24219635
24225028
24230966
24231739
24231758
24232711
24233045
24235807
24242156
24242541
24247002
24247112
24248382
24251432
24253394
24253551
24255883
24255902
24255961
24285314
24292153
24299000
24301838
24307500
24309243
24312674
24312685
24315962
24316962
24321300
24322705
24323099
24324738
24325166
24329829
24343422
24351283
24351373
24358850
24361230
24361266
24364571
24364646
24364714
24364836
24364994
24369461
24372501
24372848
24373639
24375715
24376331
24378091
24378121
24378824
24380761
24380845
24381025
24381102
24384830
24384955
24386225
24391962
24400893
24403756
24404671
24405587
24409137
24410138
24415019
24415797
24417299
24418687
24427367
24428428
24428863
24430883
24432504
24435961
24439784
24440935
24442230
24445376
24446008
24451796
24452912
24459123
24461693
24466620
24471376
24473439
24475761
24478691
24482850
24484853
24485578
24489361
24493421
24493915
24507227
24507228
24507272
24507344
24514985
24519692
24522756
24525779
24528201
24548219
24549326
24566238
24566780
24570757
24573599
24596332
24599673
24604481
24604556
24606096
24606978
24612888
24616227
24617418
24622968
24623401
24624856
24631928
24633254
24641933
24642099
24648656
24649775
24652688
24654364
24656974
24656985
24663549
24665301
24666219
24668925
24673637
24678311
24679710
24682844
24682915
24682978
24692078
24705110
24708284
24708770
24710754
24711774
24714734
24714769
24718646
24720590
24726070
24731097
24731420
24731810
24732540
24736457
24736480
24738975
24738990
24745578
24745917
24745947
24747705
24773695
24774046
24774934
24774981
24777661
24779745
24780280
24789355
24790733
24790797
24791692
24792580
24792864
24792871
24793761
24797983
24801865
24802771
24805136
24806500
24807342
24815179
24815761
24816463
24816559
24817230
24817258
24817490
24819397
24823871
24826912
24827152
24827905
24830511
24833977
24834710
24836738
24836964
24837139
24838515
24842590
24842952
24843036
24849395
24851486
24853154
24865898
24866453
24871778
24880981
24888002
24892684
24892828
24893518
24895479
24896903
24899262
24900487
24905857
24906983
24907016
24923336
24933275
24934048
24937801
24938754
24946315
24946425
24946731
24947294
24949308
24949399
24954847
24962397
24963300
24968617
24974615
24978813
24979722
24982288
24984406
24995917
24997434
24997573
24997867
24997923
24997928
24997936
24998406
24998864
24999435
25247667
25309692
25471370
25589925
25590365
25805963
25858472
25956966
26048460
26162211
26234875
26296645
26396309
26454931
26582065
26594539
26605018
26728123
26858789
27053605
27053680
27069701
27075953
27085831
27101594
27101618
27125880
27127823
27138793
27143643
27173743
27195363
27196188
27198743
27236486
27267467
27298690
27309135
27315081
27329520
27364836
27383266
27393174
27396805
27414584
27416357
27424960
27425276
27428213
27428239
27428613
27429873
27437311
27452071
27452252
27453762
27454063
27456160
27464881
27466256
27476559
27478023
27479611
27493267
27521015
27521904
27535743
27535788
27543485
27556943
27571336
27581261
27581518
27589800
27602759
27603242
27610215
27618156
27623317
27624601
27627392
27645208
27653003
27659226
27661389
27662401
27662509
27662975
27681494
27684382
27705536
27705591
27707250
27708133
27709548
27715823
27719553
27719614
27719638
27719722
27719958
27720169
27721440
27724255
27724282
27725134
27730772
27742247
27742438
27742537
27743392
27753082
27755286
27759110
27764552
27766135
27766385
27767305
27768876
27772829
27774136
27779661
27779697
27784343
27794875
27794942
27795247
27795528
27801732
27811542
27820732
27823975
27825350
27833344
27835716
27835984
27838754
27839571
27843502
27847065
27847565
27888769
27888819
27891647
27893146
27893562
27895934
27895993
27896715
27897366
27903643
27904813
27905640
27905784
27912121
27912774
27922937
27944799
27948488
27948618
27949588
27959211
27959988
27961373
27964791
27969598
27973083
27973128
27973397
27973842
27976330
27978996
27979554
27979722
27987612
27988908
27994204
27999664
28005638
28005948
28006574
28016489
28026973
28053734
28056813
28059212
28067334
28067899
28068033
28072702
28089327
28095686
28103748
28110630
28111098
28113699
28129525
28150523
28151099
28151124
28151532
28153377
28153570
28154141
28154240
28154482
28155437
28155989
28156585
28158070
28159777
28159893
28163076
28163087
28167333
28167895
28169483
28170964
28173045
28173358
28179231
28182327
28187033
28190770
28193418
28193439
28197571
28206351
28208332
28209378
28209436
28210272
28211991
28214057
28215203
28215485
28219343
28219837
28220647
28223215
28228111
28235890
28235950
28236509
28238038
28247384
28247635
28247746
28248614
28256526
28256592
28257138
28258331
28258600
28260061
28260378
28260396
28261061
28261074
28261738
28262629
28265686
28265711
28272280
28274770
28278021
28279003
28282613
28291174
28291253
28292665
28292879
28293009
28294067
28294137
28294157
28296889
28299345
28299487
28300840
28301763
28304027
28305646
28305977
28306695
28307097
28307266
28307877
28308696
28313037
28324777
28326077
28335167
28335582
28336785
28339242
28339902
28342878
28342934
28352236
28355159
28358495
28362755
28362786
28363489
28367992
28368489
28368603
28375492
28375536
28380143
28381174
28381264
28389252
28392329
28394750
28396087
28399953
28400466
28400759
28405065
28405081
28405182
28409339
28411897
28413874
28421531
28426116
28429689
28429861
28430479
28432642
28437863
28439890
28440124
28440242
28443231
28443957
28444759
28444842
28445508
28447788
28448223
28448933
28449983
28450154
28450290
28452785
28455317
28460351
28462814
28467254
28467308
28468289
28468971
28469433
28477313
28489350
28497914
28503624
28507267
28507840
28508247
28509269
28515023
28517226
28517854
28520164
28520509
28524214
28525403
28528080
28528158
28530082
28530779
28535859
28536331
28536364
28536526
28537358
28537660
28538147
28538163
28538478
28538813
28538909
28539718
28539755
28541257
28542599
28542628
28542950
28555664
28556601
28556663
28556689
28556708
28556729
28559514
28560487
28572594
28573509
28579293
28580514
28582924
28584635
28584794
28585358
28587192
28587521
28587534
28587679
28589426
28591731
28594218
28594262
28594789
28595077
28595344
28599496
28599637
28603994
28604982
28605260
28605847
28609178
28609788
28616191
28621883
28621907
28628820
28629082
28631057
28635295
28635495
28635911
28638823
28644785
28645200
28655430
28655867
28656364
28656604
28657342
28659372
28661635
28663293
28663358
28663487
28663725
28670119
28672273
28681203
28687134
28690901
28692381
28716107
28719290
28719481
28720985
28721025
28721094
28725519
28726020
28728413
28729388
28731185
28731667
28731990
28732145
28732255
28733503
28733598
28733779
28734774
28734784
28735112
28735234
28739525
28751933
28754477
28755263
28760858
28761155
28762826
28772016
28772318
28775328
28775908
28777034
28778000
28779354
28782160
28782176
28782365
28783537
28784291
28795094
28795904
28797078
28805958
28808210
28818674
28820380
28821317
28828335
28838196
28838741
28839513
28842645
28842690
28843893
28848296
28849247
28850307
28853199
28853650
28856966
28856986
28858191
28861252
28861368
28861444
28861478
28863682
28863815
28864794
28866237
28868473
28868579
28868632
28868652
28869466
28871599
28872389
28872855
28873330
28873744
28875359
28876005
28878143
28879718
28882608
28884409
28886983
28888316
28888535
28888610
28893794
28897645
28901933
28908519
28912661
28920715
28928879
28932462
28932636
28934583
28936284
28937085
28940875
28941232
28941370
28943822
28944403
28948713
28949565
28949647
28950657
28952160
28952182
28952245
28953208
28953728
28953754
28954032
28966974
28967354
28978106
28978947
28982548
28983581
28984031
28984045
28986799
28989602
28990120
28994138
28997951
28999175
28999180
29007172
29007807
29008614
29024728
29027113
29027830
29030503
29031481
29036070
29036373
29036526
29036894
29040923
29040955
29042000
29043800
29047444
29052849
29052979
29053148
29054016
29054168
29054291
29054333
29054344
29058433
29059370
29060120
29062437
29065112
29070045
29075694
29076820
29080032
29083037
29083065
29087150
29092129
29093196
29093245
29102315
29102506
29102610
29102662
29103772
29104682
29112474
29113455
29113476
29113559
29113575
29113582
29114859
29115010
29119641
29122861
29130035
29130759
29130806
29131625
29132010
29132641
29135632
29137648
29142211
29142537
29142788
29143363
29143499
29149074
29151136
29159055
29159130
29160510
29161262
29161924
29168546
29172937
29173265
29178286
29179648
29182302
29182357
29182630
29183341
29185043
29185691
29189932
29191048
29192217
29195306
29197884
29198255
29198772
29208282
29209275
29209403
29209853
29214101
29214131
29216289
29217857
29219681
29219757
29220257
29221950
29227381
29231183
29232970
29233730
29234452
29237961
29247972
29248036
29248057
29250372
29250744
29257554
29258197
29258573
29259233
29259265
29260090
29261609
29262027
29262080
29262655
29265897
29266004
29266905
29272232
29274405
29282886
29283111
29283790
29286202
29287504
29289036
29291110
29294318
29294971
29295064
29295174
29301007
29306287
29308536
29313484
29314403
29317923
29319829
29320176
29320292
29320788
29323338
29323385
29324147
29325741
29325764
29328963
29329039
29335149
29335425
29335986
29340042
29346039
29351673
29352560
29353389
29358409
29359309
29362794
29369685
29371091
29373559
29381021
29384039
29384050
29384098
29402952
29405958
29412906
29414020
29416922
29417491
29419399
29427544
29428945
29429323
29429376
29432198
29433003
29433092
29435053
29438367
29441756
29441886
29446069
29446747
29452867
29453245
29457723
29460017
29460703
29461671
29463293
29464521
29464811
29465384
29465402
29474646
29485954
29487824
29488104
29488725
29489779
29489830
29495246
29495247
29504008
29504303
29504547
29506217
29507514
29510325
29516865
29522537
29528718
29534920
29548881
29550342
29550930
29552985
29553564
29554161
29555113
29555156
29555165
29556484
29561627
29567698
29576844
29579705
29581512
29581907
29582928
29583795
29583833
29583910
29589686
29590288
29593935
29595074
29601315
29601347
29604529
29604651
29607179
29607413
29607457
29623723
29628382
29630424
29630722
29631849
29637739
29638491
29639297
29648585
29659964
29660501
29663406
29671767
29672551
29672932
29673831
29674483
29675369
29681137
29682278
29684970
29689567
29708615
29709809
29711448
29714823
29725420
29729066
29729100
29730798
29730932
29730964
29732104
29732799
29736640
29739421
29740342
29741417
29741792
29742377
29745515
29748398
29749126
29749437
29750399
29751332
29752678
29752793
29753100
29753817
29756959
29759143
29762649
29764173
29764442
29765884
29766516
29773605
29774705
29774744
29774773
29775360
29777004
29778661
29787025
29787156
29787778
29788013
29788256
29790521
29793102
29794947
29796789
29798699
29804139
29805305
29807419
29807796
29808787
29809524
29814049
29815078
29815205
29816253
29817457
29819570
29822606
29824581
29827460
29830844
29830857
29837254
29838310
29839341
29842133
29842190
29842721
29842802
29842817
29845243
29850995
29851048
29851069
29851093
29851302
29852045
29852172
29852316
29853875
29859966
29859982
29860485
29860581
29860653
29862784
29864829
29867741
29868477
29870607
29874066
29874357
29887847
29888614
29889430
29902097
29902607
29904211
29904947
29914820
29915420
29920140
29920777
29922299
29941495
29943710
29944476
29945128
29945145
29945498
29946496
29948910
29949271
29950966
29951582
29955852
29955886
29960839
29960867
29966873
29972371
29977026
29980514
29980797
29984747
29985715
29987977
29990835
29992559
29995942
29996067
29996098
30002273
30005284
30005292
30006969
30007183
30008278
30010124
30015371
30020900
30021756
30023022
30029232
30030584
30036486
30036764
30039067
30039661
30042167
30042996
30049047
30051162
30052564
30053504
30057726
30060328
30061836
30061896
30065008
30075623
30077152
30078216
30079155
30088056
30088281
30094412
30096771
30096792
30105387
30106804
30110965
30115267
30115899
30119984
30142605
30143559
30147875
30165363
30167665
30188893
30193566
30195087
30197563
30197643
30198375
30200565
30200585
30202712
30203386
30205090
30205686
30208214
30209799
30211502
30212295
30213199
30215195
30215437
30223342
30223344
30223692
30226770
30226939
30229650
30231810
30235771
30243086
30243148
30243909
30247186
30247257
30247274
30253073
30253087
30254787
30257571
30259154
30259982
30269593
30271329
30271339
30271410
30278418
30279484
30279558
30285275
30285339
30286592
30286691
30286724
30289830
30294062
30294999
30295160
30295271
30295592
30296523
30296931
30304246
30309794
30309807
30312988
30323386
30327009
30329525
30329918
30330514
30331504
30334913
30336761
30338019
30340991
30341533
30344472
30344517
30344555
30353861
30353926
30354018
30369853
30371552
30376880
30378418
30380373
30384043
30385680
30385734
30386205
30386290
30394313
30397284
30397764
30400245
30400553
30401442
30413087
30417528
30418687
30418705
30418946
30421242
30442245
30442255
30443869
30445718
30445874
30446686
30447561
30448384
30454592
30456703
30462756
30466589
30466696
30466750
30466800
30467924
30474460
30474920
30484115
30484502
30489825
30489989
30491399
30508973
30509981
30519424
30524373
30526276
30530274
30542725
30561364
30578705
30630276
30635217
30661680
30679980
30709042
30711673
30711774
30711819
30713532
30734785
30743294
30754326
30777971
30803579
30862951
30886530
30907937
30908923
30936706
30968903
31000001
31000163
31019615
31025673
31028999
31031476
31039444
31042913
31053928
31054479
31060508
31066761
31067956
31068290
31076077
31106757
31119804
31119977
31120278
31164303
31167155
31200711
31209144
31211517
31212395
31223073
31230898
31232996
31234761
31238481
31238524
31238724
31238763
31238845
31238868
31240312
31246935
31250894
31250905
31252684
31260942
31260957
31260969
31260976
31263848
31264371
31276200
31276221
31286778
31292936
31294013
31295983
31299394
31305924
31321588
31328573
31334686
31336338
31337561
31340503
31340551
31340956
31343853
31350585
31355227
31355963
31356986
31357231
31359938
31361544
31370345
31371928
31416102
31421747
31426682
31426690
31429969
31430021
31430464
31430586
31430826
31431162
31434617
31434849
31453797
31466228
31467971
31470365
31471545
31476133
31476831
31488261
31488407
31488778
31488866
31489250
31489438
31492067
31504842
31534965
31535001
31535061
31543654
31543666
31554913
31555119
31560627
31561599
31567078
31567381
31567888
31568325
31570096
31570172
31580539
31585030
31587535
31589990
31590648
31595339
31596786
31599086
31604335
31609862
31621873
31622299
31622601
31626852
31628514
31629765
31634307
31644261
31646151
31648058
31649666
31654186
31654387
31654661
31661361
31661837
31667504
31669357
31669368
31673466
31673721
31674938
31677948
31679896
31682885
31685501
31685724
31686720
31686749
31686762
31687520
31692472
31694240
31694315
31697026
31697116
31701920
31701931
31702022
31703648
31703657
31703799
31705019
31706525
31707754
31707987
31710064
31710074
31712020
31713657
31716692
31723021
31725251
31725858
31726513
31728565
31728786
31731138
31734342
31737842
31738270
31738649
31741724
31742213
31748458
31749080
31750444
31754785
31755192
31755744
31758965
31758999
31762889
31763894
31764691
31766768
31767240
31770650
31771192
31771321
31773860
31774037
31776646
31777015
31777077
31781819
31784590
31784644
31790284
31793935
31794097
31794773
31799210
31801745
31803384
31803416
31806806
31807584
31808428
31812697
31814429
31819841
31820692
31820929
31821339
31821913
31822303
31822520
31822641
31822794
31824476
31824793
31828715
31830401
31832610
31833014
31834625
31834631
31834701
31835028
31838480
31840041
31840066
31841709
31851812
31858839
31859394
31859559
31862350
31863695
31864102
31864138
31864156
31864206
31865026
31877007
31878739
31878929
31879327
31879340
31879404
31879734
31881368
31883016
31883059
31893778
31899224
31900103
31901539
31904835
31906196
31906246
31910524
31910620
31912880
31912916
31913537
31916400
31918490
31922495
31922949
31923013
31925182
31927129
31928141
31935296
31936907
31942735
31950068
31955083
31957309
31957358
31959732
31963167
31963750
31967851
31967898
31968929
31972374
31973358
31973382
31973408
31973861
31984030
31986365
31987493
31989296
31995268
31999052
31999373
32001098
32012373
32017280
32017312
32017348
32018059
32029361
32030466
32038076
32041812
32049146
32053584
32054975
32055624
32057848
32061352
32062702
32064446
32064478
32064493
32064719
32065110
32068270
32070383
32070389
32070396
32072246
32074519
32075210
32075274
32076542
32080190
32081774
32087127
32087142
32087198
32091352
32091369
32091566
32097272
32100763
32102380
32103132
32105217
32105747
32110497
32110618
32111833
32113116
32119161
32123606
32123632
32124621
32127063
32128127
32129137
32131764
32133578
32135944
32140534
32140556
32141178
32143262
32144406
32144652
32147519
32147647
32148059
32148194
32149762
32150087
32156363
32156462
32158664
32159735
32160029
32160075
32164081
32172300
32173724
32180795
32181471
32197343
32198845
32200179
32203006
32204743
32204981
32208002
32208992
32210929
32211550
32214119
32215021
32215807
32215841
32223395
32223604
32224353
32224389
32230758
32233250
32233906
32236829
32250977
32252029
32257439
32257492
32259684
32260451
32261042
32262074
32266744
32267920
32267928
32268333
32274511
32279404
32282117
32284434
32284563
32291805
32294057
32294080
32294253
32295849
32296129
32297161
32300729
32306441
32306823
32306854
32307046
32313774
32314529
32314587
32314959
32315526
32319718
32321104
32323734
32324167
32332481
32332584
32333553
32337869
32338583
32339478
32345086
32345261
32352859
32353084
32353103
32353277
32353999
32357091
32357652
32358794
32361943
32362821
32363682
32364470
32374725
32377969
32386435
32387435
32388002
32391242
32391690
32392220
32394544
32396757
32397362
32398430
32398491
32400534
32400538
32400621
32401143
32401159
32402400
32403428
32407349
32412754
32413812
32413816
32417152
32429152
32433486
32433809
32440832
32442522
32443329
32447231
32461955
32462083
32462431
32465627
32465912
32468344
32474704
32477142
32477685
32489928
32490091
32491352
32493408
32499944
32500898
32508962
32510250
32511448
32512826
32515554
32517388
32519309
32519327
32520463
32520578
32525804
32527589
32535482
32535968
32536492
32537023
32537633
32539524
32539550
32540282
32549968
32549981
32550007
32551279
32553713
32555006
32555455
32555728
32557253
32559524
32562651
32562848
32563264
32566420
32566482
32566610
32570416
32572901
32573413
32574915
32575832
32575864
32575889
32576206
32580511
32587067
32587203
32587234
32587315
32589748
32589852
32591825
32594363
32595869
32600501
32602028
32603353
32603699
32604342
32604973
32606191
32606939
32610562
32613954
32614434
32617861
32618207
32619130
32620524
32623320
32629413
32630560
32635074
32637876
32637880
32642676
32648655
32656737
32658808
32659241
32659251
32659303
32669990
32671721
32672015
32672360
32676265
32678682
32680532
32682988
32687289
32687295
32687313
32687353
32687807
32688679
32689514
32690159
32690251
32694718
32694749
32694823
32695881
32706506
32709443
32710669
32710899
32710912
32715204
32721854
32723257
32724648
32724680
32726493
32732919
32733574
32733715
32734793
32735765
32737649
32739239
32740496
32750037
32750094
32750655
32750758
32758798
32760310
32760325
32762326
32763577
32765182
32765854
32771067
32775152
32775898
32780711
32786040
32786539
32794334
32798519
32798779
32801533
32806843
32807139
32808586
32815745
32821246
32826745
32827549
32827848
32828497
32828910
32830079
32832348
32833769
32834070
32837243
32848958
32849142
32854935
32859857
32862488
32869552
32871208
32872113
32872831
32876784
32887205
32887933
32888624
32895743
32895759
32896996
32904315
32908083
32909555
32920148
32920764
32922432
32927096
32938287
32942428
32950938
32952323
32952346
32964707
32964761
32966925
32969453
32970227
32970277
32970295
32973251
32973302
32987237
32987683
32994828
32998036
32998134
33000406
33000925
33002670
33003110
33003130
33003202
33003270
33003281
33005367
33009027
33009264
33009376
33009434
33009723
33009733
33009983
33010129
33010364
33010368
33014066
33014921
33014936
33014948
33020338
33021655
33021678
33021828
33026001
33028352
33031152
33031171
33031893
33032707
33033777
33034414
33040695
33045046
33052908
33055353
33055360
33055752
33055773
33061645
33061722
33066179
33069543
33069606
33077551
33083203
33084633
33087093
33087406
33087828
